53,35
54,3
54,2
54,1
54,0
10,108
10,191
10,204
10,100
10,15
10,309
10,138
10,84
10,2
10,3
11,12
11,28
11,13
11,17
11,2
11,3
9,7
9,4
9,1
9,6
9,2
9,3
8,13
8,10
8,16
8,6
8,8
8,18
8,5
8,15
8,2
8,3
30,4
30,3
30,2
30,1
30,0
26,3
26,2
26,1
26,0
25,3
25,2
25,1
25,0
20,3
20,2
20,1
19,3
19,2
19,1
17,3
17,2
17,1
16,3
16,2
16,1
15,3
15,2
15,1
14,2
13,2
12,3
12,2
12,1
11,30
11,29
11,21
11,19
11,18
11,15
11,11
11,10
11,8
11,7
11,1
11,6
10,316
10,151
10,148
10,146
10,141
10,83
10,19
10,1
10,7
18,1
8,1
18,3
8,7
7,16
7,15
7,14
7,12
7,11
14,1
7,1
